center_of_map = 39.83436090167896, -77.23370637046158

memory_1 = 39.83650840638939, -77.23301471161709
memory_2 = 39.83669741845895, -77.23243982170273
memory_3 = 39.83328903155023, -77.23398447316895
memory_4 = 39.836960131965746, -77.23929266955281
memory_5 = 39.83165074764849, -77.23080648743445
memory_6 = 39.83184850781155, -77.23437318221713
memory_7 = 39.83671870543081, -77.23218703877151
memory_8 = 39.83672889870773, -77.23275674420545
memory_9 = 39.83465612433382, -77.23323233316741
memory_10 = 39.83436090167896, -77.23370637046158